0.0333
0.0667
0.1
0.1333
0.1667
0.2
0.2333
0.2667
0.3
0.3333
0.3667
0.4
0.4333
0.4667
0.5
0.5333
0.5667
0.6
0.6333
0.6667
0.7
0.7333
0.7667
0.8
0.8333
0.8667
0.9
0.9333
0.9667
1
0.0333
0.0667
0.1
0.1333
0.1667
0.2
0.2333
0.2667
0.3
0.3333
0.3667
0.4
0.4333
0.4667
0.5
0.5333
0.5667
0.6
0.6333
0.6667
0.7
0.7333
0.7667
0.8
0.8333
0.8667
0.9
0.9333
0.9667
1
0.0333
0.0667
0.1
0.1333
0.1667
0.2
0.2333
0.2667
0.3
0.3333
0.3667
0.4
0.4333
0.4667
0.5
0.5333
0.5667
0.6
0.6333
0.6667
0.7
0.7333
0.7667
0.8
0.8333
0.8667
0.9
0.9333
0.9667
1
0.0333
0.0667
0.1
0.1333
0.1667
0.2
0.2333
0.2667
0.3
0.3333
0.3667
0.4
0.4333
0.4667
0.5
0.5333
0.5667
0.6
0.6333
0.6667
0.7
0.7333
0.7667
0.8
0.8333
0.8667
0.9
0.9333
0.9667
1
0.0333
0.0667
0.1
0.1333
0.1667
0.2
0.2333
0.2667
0.3
0.3333
0.3667
0.4
0.4333
0.4667
0.5
0.5333
0.5667
0.6
0.6333
0.6667
0.7
0.7333
0.7667
0.8
0.8333
0.8667
0.9
0.9333
0.9667
1
0.0333
0.0667
0.1
0.1333
0.1667
0.2
0.2333
0.2667
0.3
0.3333
0.3667
0.4
0.4333
0.4667
0.5
0.5333
0.5667
0.6
0.6333
0.6667
0.7
0.7333
0.7667
0.8
0.8333
0.8667
0.9
0.9333
0.9667
1
0.0333
0.0667
0.1
0.1333
0.1667
0.2
0.2333
0.2667
0.3
0.3333
0.3667
0.4
0.4333
0.4667
0.5
0.5333
0.5667
0.6
0.6333
0.6667
0.7
0.7333
0.7667
0.8
0.8333
0.8667
0.9
0.9333
0.9667
1
